start=1369.414444
volume=55.000000
